25369134
16325344
18703007
16160427
25426825
19850186
25178964
19120413
23320445
11985377
26563780
23997362
23428274
24749552
10945374
11133812
21477197
25161215
12430978
19003497
21477196
24038774
11841625
22613230
22552739
15149250
24081919
24055120
17999267
15631552
18835075
15631551
18158489
27708700
18276841
22301351
24644206
22612170
12187643
21463696
12822730
12077474
18587717
21495179
14674838
9329293
9212721
19826101
23891115
19530215
22429176
12519533
23246789
9043993
22641565
17454241
17688083
21992711
16982120
10691588
22794144
10367560
16603300
19805621
17963256
21154039
19369376
22764284
9793120
12963464
19572219
22344813
25539045
15154184
24873900
12421655
22302550
19398163
11294782
24993896
20368436
17236958
23184588
23458286
18095280
23489762
24463552
19536585
25245813
15708733
20853965
10335070
21707185
17980944
24311813
23064870
24341786
10467512
14754664
23754428
9113228
19468932
22547891
9308090
18451809
9917874
24163218
11806695
15453192
17973920
18842891
24304364
22708538
11263686
17484426
25284305
16165120
23597271
20032815
16122946
25705189
17853146
22335109
12894464
24709286
23150888
23791837
10406103
15975730
11405317
16766340
16121663
15907312
22074063
18189007
15768416
22569063
11540689
16768279
10925292
18375744
17881852
24238617
20438278
24229338
20978273
22605785
11329810
18355907
11848002
15727989
19919001
24138215
23400684
19606423
18792375
11147311
19201390
23624492
10528669
25602494
20921105
21572915
24291503
18473638
10827661
21150523
16180460
12622080
21422255
12015109
16532749
11824714
16184944
23275605
21815125
10632143
20657802
19586272
21571701
24566230
23812759
9774218
25701804
17008252
15370368
20541243
14977394
19220721
23148935
17122773
20003612
18544670
14533139
17936401
20140638
24569274
25164178
20721777
16865914
23337082
22386081
24168381
10490671
17296123
11815434
12189125
22180998
14735849
22024742
23881448
23231432
17364571
20659862
8996365
12727248
17459106
23832430
20230158
23265003
16478528
12191697
20963182
16375015
23891724
12443036
21930801
17712673
22965837
22491560
19564577
23870446
12960321
18710700
19105053
22520185
19298748
21962696
12516314
19842809
17425093
16343582
24688477
22474301
23382371
11970470
16997345
20807293
16186532
16722084
10931288
16022124
16722081
24824145
12466836
19245844
17144065
16532751
17874953
12639894
14964952
19470959
11232605
11285834
18520008
9292449
23486486
16104420
10852986
10979290
18199346
10481463
15825714
21485465
10087875
