12672965
19818908
19761849
25017050
20117893
25636911
10636145
16197682
25008001
11958963
15662517
18853338
17027931
10950912
22411802
23218565
16154448
21878489
19003497
18052788
26272761
15978025
15978840
16944122
18524902
16260156
24061050
16393883
19398018
23274853
21843646
12563376
18165105
16735938
22608014
16567707
20932915
21047559
23660437
11002350
17611124
16794461
22419679
24705202
21391268
23812762
20639391
16337922
17408973
17063156
17275341
22798398
16043368
22915309
23036336
11880658
20555311
16525858
18093736
12921408
18180168
15054129
24603657
18588989
23314012
14755839
20095463
10943717
22110002
23123406
21458503
12377154
16650775
19180557
15338730
22521476
21232612
18838100
10944409
21745006
16857390
21924359
15167540
22836179
17450579
20362676
11969333
16045068
24161281
24038949
15165353
24841995
21880172
14656487
14741642
24148922
24773415
22483742
11996059
18248738
19727598
23477839
18519527
21585456
14504772
16216685
26165305
20490606
23810996
22344813
17371721
23183711
17658273
11798274
25405938
23159106
24453176
21357880
23097342
17074948
20819988
24231554
17328946
25439393
17822681
18320179
15983790
20336690
15013828
10997565
15275913
9430350
12414298
23275593
25042446
18044634
17371902
9598706
12595190
16202396
15734340
20847400
19259989
22514317
15914032
18855551
23470983
12372290
15450788
25080518
18378467
21543607
15907312
25143543
16919255
24215974
19179050
23501051
16632379
16473025
20116072
23796527
20921115
21810628
