25063939
24945672
16512999
24221533
24747514
24161281
17434418
18596607
12499108
12803967
18835284
11958963
15852469
10928739
25337240
21613489
24841995
18406434
9212721
17060134
21406238
20517943
21782157
19727598
12814580
18284348
23727664
19003497
20382234
15662517
24995915
26272761
10515192
10950912
21854855
15178381
21296864
19656506
11216882
19540214
23994216
16197682
24746954
20335536
19007800
19570639
24361478
12887991
23563963
18996100
18568899
15899117
14741309
18760263
19530215
17386945
22634854
25284305
11832233
11906222
20302951
18690393
22328466
14659499
12722972
15217897
17904384
11034858
22344813
15165353
18266217
20112243
17368300
10997866
17851092
23860118
19233711
25539045
21073958
11278198
10335843
17658273
12914254
22445816
23066939
12821793
16792297
20837067
21337404
22135581
26165305
15382253
18093736
11848695
22732558
21684531
20420927
19172644
19948156
21585456
23664947
17563353
16735180
12589885
15475949
21547846
24525170
17822681
19685203
15275905
24928617
14585751
10841995
10363454
20695652
22732492
20426143
20095463
23628670
11590113
18729079
11896650
20423699
10943726
17080437
15528119
15016426
15722210
11525338
17100789
18929439
19673738
19964721
20715080
11950765
18786512
10988030
17328946
23110882
9121583
17611124
17224409
19457376
21982934
12005883
16839292
25245813
19027075
12414270
12875920
20629027
9950716
15979899
24080261
23470983
24263193
22752119
23485156
22688638
18022606
15167540
11797080
16934843
10576708
24497666
18284352
17281156
11996059
21775952
23159106
21664278
22677309
18344174
24862076
22974555
17652421
11388925
21357528
16757006
19966327
16828876
25439393
19120413
24659134
21041607
22763169
11954061
24323497
20666600
24532700
18578603
21826481
20570601
21382558
25728693
21232612
24258223
22960252
19144851
15072678
23938320
22349497
21338697
18579749
21254799
15850736
23867619
21703286
18801444
24215974
18044634
22282432
14642463
18005219
20804287
21680845
22399768
24405185
24790211
24099840
16650775
24305826
16202396
22868937
16574168
24065729
16956082
